MM
Niv	1	2	3	4	5	6	7	8	9	10	11	12	13	14	15	16	17	18	19	20	21	22	23	24	25	26	27	28	29	30	31	32	33	34	35	36	37	38	39	40
M	80	120	180	270	405	608	911	1367	2050	3075	4613	6920	10380	15570	23354	35032	52547	78821	118231	177347
D	20	30	45	68	101	152	228	342	513	769	1153	1730	2595	3892	5839	8658	13137	19705	29558	44337
PM	56	141	267	448	706	957	1262	1629	2071	2601	3232	3985	4878	5936	7187	8663	10401	12444	14843	17655	
E	-31	-77	-145	-243	-381	-515	-677	-872	-1106	-1385	-1717	-2111	-2577	-3127	-3776	-4540	-5436	-6487	-7717	-9154
R	0	0	0	0	0	0	0	0	0	0	0	0	1	1	2	2	3	3	4
---------
MD
Niv	1	2	3	4	5	6	7	8	9	10	11	12	13	14	15	16	17	18	19	20	21	22	23	24	25	26	27	28	29	30	31	32	33	34	35	36	37	38	39	40
M	60	90	135	203	304	456	683	1025	1538	2307	3460	5190	7785	11677	17516	26274	39410	88674	133010	
D	30	45	68	101	152	228	342	513	769	1153	1730	2595	3892	5839	8758	13137	19705	29558	44337	66505
PD	28	71	133	224	353	478	631	815	1036	1300	1616	1992	2439	2968	3593	4331	5200	6222	7422	8828
E	-25	-63	-110	-312	-421	-554	-714	-905	-1133	-1405	-1727	-2108	-2559	-3090	-3714	-4448	-5307	-6314	-7490
R	0	0	0	0	0	0	0	0	0	0	0	0	1	1	1	1	2	2	3
---------
EH
Niv	1	2	3	4	5	6	7	8	9	10	11	12	13	14	15	16	17	18	19	20
M	250	388	601	931	1443	2237	3467	5374	8329	12910	20010	31016	48075	74516	115500	179026	277490	430109	666669	1034000
D	100	155	240	372	577	895	1387	2149	3332	5164	8004	12406	19230	29807	46200	71610	110996	172044	266668	413335
PH	14	35	66	109	171	231	303	389	493	616	762	935	1140	1381	1665	1998	2388	2845	3378	4000
E	-28	-70	-132	-221	-346	-468	-616	-793	-1005	-1259	-1561	-1919	-2343	-2843	-3433	-4127	-4942	-5897	-7015	-8322
R	0	0	0	0	0	0	0	0	1	1	1
---------
FZ
Niv	1	2	3	4	5	6	7	8	9	10	11	12	13	14	15	16	17	18	19	20
M	2500	3750	5626	8438	12656	18984	28477	42715	64072	96108	144163	216244	324366	486549	729823
D	500	750	1125	1688	2531	3797	5695	8543	12814	19222	28833	43249	64873	97310	145965
PZ	14	35	65	108	168	226	295	379	478	596	736	901	1095	1323	1590
E	-98	-246	-462	-773	-1212	-1639	-2155	-2775	-3518	-4406	-5462	-6715	-8199	-9951	-12016	-14444	-17296	-20640	-24553	-29128
R	0	0	0	1	1	1	1	2	2	3
---------
FN
Niv	1	2	3	4	5
M	1000000	2000000	4000000	8000000	16000000
D	350000	700000	1400000	2800000	5600000
Z	10000	20000	40000	80000	160000
PD	-2800	-7056	-13336	-22404	-35287
PZ	-196	-488	-910	-1509	-2347
PN	3	7	14	25	40
E	-2800	-7022	-13209	-22086	-34619
R	11	16	23	32	46
---------
PS
Niv	1	2	3	4	5	6	7	8	9	10	11	12	13	14	15	16	17	18	19	20	21	22	23	24	25	26	27	28	29	30	31	32
M	100	150	225	338	506	759	1139	1709	2563	3844	5767	8650	12975	19462	29193	43789	65684	98526	147789	221684	
D	45	68	101	152	228	342	513	769	1153	1730	2595	3892	5839	13137	19705	29558	44337	66505	99758
E	56	140	264	443	692	936	1231	1586	2011	2518	3121	3837	4685	5686	6866	8254	9884	11794	14030	16644	
R	0	0	0	0	0	0	0	0	0	0	0	1	1	1	2	2	3	3	4
---------
CN
Niv	1	2	3	4	5
M	40000	72000	129600	233280	419904
D	15000	27000	48600	87480	157464
H	5000	9000	16200	29160	52488
N	0	0	0	0	1
PH	-112	-280	-525	-875	-1367	
E	2800	7022	13209	22086	34619
R	2	3	4	5	7
